g =

   0.24952   0.24928   0.24995   0.24963   0.24923
   0.24963   0.24939   0.24994   0.24973   0.24936
   0.24967   0.24958   0.24998   0.24974   0.24953
   0.24961   0.24966   0.25000   0.24967   0.24960
   0.24949   0.24959   0.25000   0.24956   0.24951

g =

   0.24952   0.24928   0.24995   0.24963   0.24923
   0.24963   0.24939   0.24994   0.24973   0.24936
   0.24967   0.24958   0.24998   0.24974   0.24953
   0.24961   0.24966   0.25000   0.24967   0.24960
   0.24949   0.24959   0.25000   0.24956   0.24951

g =

   0.24952   0.24928   0.24995   0.24963   0.24923
   0.24963   0.24939   0.24994   0.24973   0.24936
   0.24967   0.24958   0.24998   0.24974   0.24953
   0.24961   0.24966   0.25000   0.24967   0.24960
   0.24949   0.24959   0.25000   0.24956   0.24951

g =

   0.24952   0.24928   0.24995   0.24963   0.24923
   0.24963   0.24940   0.24994   0.24973   0.24936
   0.24967   0.24958   0.24998   0.24974   0.24953
   0.24961   0.24966   0.25000   0.24967   0.24960
   0.24949   0.24959   0.25000   0.24956   0.24951

g =

   0.24952   0.24928   0.24995   0.24963   0.24923
   0.24963   0.24939   0.24994   0.24973   0.24936
   0.24967   0.24957   0.24998   0.24974   0.24953
   0.24961   0.24966   0.25000   0.24967   0.24960
   0.24949   0.24959   0.25000   0.24956   0.24951

g =

   0.24952   0.24928   0.24995   0.24963   0.24923
   0.24963   0.24939   0.24994   0.24973   0.24936
   0.24967   0.24958   0.24998   0.24974   0.24953
   0.24961   0.24966   0.25000   0.24967   0.24960
   0.24949   0.24959   0.25000   0.24956   0.24951

g =

   0.24952   0.24928   0.24995   0.24963   0.24923
   0.24963   0.24939   0.24994   0.24973   0.24936
   0.24967   0.24958   0.24998   0.24974   0.24953
   0.24961   0.24966   0.25000   0.24967   0.24960
   0.24949   0.24959   0.25000   0.24956   0.24951

g =

   0.24952   0.24928   0.24995   0.24963   0.24923
   0.24963   0.24939   0.24994   0.24973   0.24936
   0.24967   0.24958   0.24998   0.24974   0.24953
   0.24961   0.24966   0.25000   0.24966   0.24960
   0.24949   0.24959   0.25000   0.24956   0.24951

g =

   0.24952   0.24928   0.24995   0.24964   0.24923
   0.24963   0.24939   0.24994   0.24973   0.24936
   0.24967   0.24958   0.24998   0.24974   0.24953
   0.24961   0.24966   0.25000   0.24967   0.24960
   0.24949   0.24959   0.25000   0.24956   0.24951

g =

   0.24952   0.24928   0.24995   0.24963   0.24922
   0.24963   0.24939   0.24994   0.24973   0.24936
   0.24967   0.24958   0.24998   0.24974   0.24953
   0.24961   0.24966   0.25000   0.24967   0.24960
   0.24949   0.24959   0.25000   0.24956   0.24951

g =

   0.24952   0.24928   0.24995   0.24963   0.24923
   0.24963   0.24939   0.24994   0.24973   0.24936
   0.24967   0.24958   0.24998   0.24974   0.24954
   0.24961   0.24966   0.25000   0.24967   0.24960
   0.24949   0.24959   0.25000   0.24956   0.24951

g =

   0.24952   0.24928   0.24995   0.24963   0.24923
   0.24963   0.24939   0.24994   0.24973   0.24936
   0.24967   0.24958   0.24998   0.24974   0.24953
   0.24961   0.24966   0.25000   0.24967   0.24960
   0.24949   0.24959   0.25000   0.24956   0.24951

g =

   0.24952   0.24928   0.24995   0.24963   0.24923
   0.24963   0.24939   0.24994   0.24973   0.24936
   0.24967   0.24958   0.24998   0.24974   0.24953
   0.24961   0.24966   0.25000   0.24967   0.24960
   0.24949   0.24959   0.25000   0.24956   0.24951

g =

   0.24952   0.24928   0.24995   0.24963   0.24923
   0.24963   0.24939   0.24994   0.24973   0.24936
   0.24967   0.24958   0.24998   0.24974   0.24953
   0.24961   0.24966   0.25000   0.24967   0.24960
   0.24949   0.24959   0.25000   0.24956   0.24951

g =

   0.24952   0.24928   0.24995   0.24963   0.24923
   0.24963   0.24939   0.24994   0.24973   0.24936
   0.24967   0.24957   0.24998   0.24974   0.24953
   0.24961   0.24966   0.25000   0.24967   0.24960
   0.24949   0.24959   0.25000   0.24956   0.24951

g =

   0.24952   0.24928   0.24995   0.24963   0.24923
   0.24963   0.24939   0.24994   0.24973   0.24936
   0.24967   0.24958   0.24998   0.24974   0.24953
   0.24961   0.24966   0.25000   0.24967   0.24960
   0.24949   0.24959   0.25000   0.24956   0.24951

g =

   0.24952   0.24928   0.24995   0.24963   0.24923
   0.24963   0.24939   0.24994   0.24973   0.24936
   0.24967   0.24958   0.24998   0.24974   0.24953
   0.24961   0.24966   0.25000   0.24967   0.24960
   0.24949   0.24959   0.25000   0.24956   0.24951

g =

   0.24952   0.24928   0.24995   0.24963   0.24923
   0.24963   0.24939   0.24994   0.24973   0.24936
   0.24967   0.24958   0.24998   0.24974   0.24953
   0.24961   0.24966   0.25000   0.24967   0.24960
   0.24949   0.24959   0.25000   0.24956   0.24951

g =

   0.24952   0.24928   0.24995   0.24963   0.24923
   0.24963   0.24939   0.24994   0.24973   0.24936
   0.24967   0.24958   0.24998   0.24974   0.24953
   0.24961   0.24966   0.25000   0.24967   0.24960
   0.24949   0.24959   0.25000   0.24956   0.24951

g =

   0.24952   0.24928   0.24995   0.24963   0.24923
   0.24963   0.24939   0.24994   0.24973   0.24936
   0.24967   0.24958   0.24998   0.24974   0.24953
   0.24961   0.24966   0.25000   0.24967   0.24960
   0.24949   0.24959   0.25000   0.24956   0.24951

g =

   0.24952   0.24928   0.24995   0.24963   0.24923
   0.24963   0.24939   0.24994   0.24973   0.24936
   0.24967   0.24958   0.24998   0.24974   0.24953
   0.24961   0.24966   0.25000   0.24967   0.24960
   0.24949   0.24959   0.25000   0.24956   0.24951

g =

   0.24952   0.24928   0.24995   0.24963   0.24923
   0.24963   0.24939   0.24994   0.24973   0.24936
   0.24967   0.24958   0.24998   0.24974   0.24953
   0.24961   0.24966   0.25000   0.24967   0.24960
   0.24949   0.24959   0.25000   0.24956   0.24951

g =

   0.24952   0.24928   0.24995   0.24963   0.24923
   0.24963   0.24939   0.24994   0.24973   0.24936
   0.24967   0.24958   0.24998   0.24974   0.24953
   0.24961   0.24966   0.25000   0.24967   0.24960
   0.24949   0.24959   0.25000   0.24956   0.24951

g =

   0.24952   0.24928   0.24995   0.24963   0.24923
   0.24963   0.24939   0.24994   0.24973   0.24936
   0.24967   0.24958   0.24998   0.24974   0.24953
   0.24961   0.24966   0.25000   0.24967   0.24960
   0.24949   0.24959   0.25000   0.24956   0.24951

g =

   0.24952   0.24928   0.24995   0.24963   0.24923
   0.24963   0.24939   0.24994   0.24973   0.24936
   0.24967   0.24957   0.24998   0.24974   0.24953
   0.24961   0.24966   0.25000   0.24967   0.24960
   0.24949   0.24959   0.25000   0.24956   0.24951

g =

   0.24952   0.24928   0.24995   0.24963   0.24923
   0.24963   0.24939   0.24994   0.24973   0.24936
   0.24967   0.24958   0.24998   0.24974   0.24953
   0.24961   0.24966   0.25000   0.24967   0.24960
   0.24949   0.24959   0.25000   0.24956   0.24951

g =

   0.24952   0.24928   0.24995   0.24963   0.24923
   0.24963   0.24939   0.24994   0.24973   0.24936
   0.24967   0.24958   0.24998   0.24974   0.24953
   0.24961   0.24966   0.25000   0.24967   0.24960
   0.24949   0.24959   0.25000   0.24956   0.24951

g =

   0.24952   0.24928   0.24995   0.24963   0.24923
   0.24963   0.24939   0.24994   0.24973   0.24936
   0.24967   0.24958   0.24998   0.24974   0.24953
   0.24961   0.24966   0.25000   0.24967   0.24960
   0.24949   0.24959   0.25000   0.24956   0.24951

g =

   0.24952   0.24928   0.24995   0.24963   0.24923
   0.24963   0.24939   0.24994   0.24973   0.24936
   0.24967   0.24958   0.24998   0.24974   0.24953
   0.24961   0.24966   0.25000   0.24967   0.24960
   0.24949   0.24959   0.25000   0.24956   0.24951

g =

   0.24952   0.24928   0.24995   0.24963   0.24923
   0.24963   0.24939   0.24994   0.24973   0.24936
   0.24967   0.24958   0.24998   0.24974   0.24953
   0.24961   0.24966   0.25000   0.24967   0.24960
   0.24949   0.24959   0.25000   0.24956   0.24951

